ENVI
lines = 0
samples = 0
bands = 243
data type = 12
interleave = bil
byte order = 0
Wavelength2 = { 
   989.659973,  996.002869, 1002.345703, 1008.688538, 1015.021362, 1021.364197,
 1027.707031, 1034.039917, 1040.382690, 1046.715576, 1053.048462, 1059.391235,
 1065.724121, 1072.057007, 1078.389771, 1084.712646, 1091.045532, 1097.378296,
 1103.701172, 1110.034058, 1116.356812, 1122.679688, 1129.002563, 1135.325317,
 1141.648193, 1147.971069, 1154.293945, 1160.616699, 1166.929565, 1173.252441,
 1179.565308, 1185.878052, 1192.190918, 1198.513794, 1204.826660, 1211.129517,
 1217.442261, 1223.755127, 1230.067993, 1236.370850, 1242.683716, 1248.986572,
 1255.289307, 1261.592163, 1267.895020, 1274.197876, 1280.500732, 1286.803589,
 1293.106445, 1299.399292, 1305.702148, 1311.994995, 1318.297729, 1324.590576,
 1330.883423, 1337.176270, 1343.469116, 1349.761963, 1356.054810, 1362.337646,
 1368.630493, 1374.913330, 1381.206177, 1387.489014, 1393.771851, 1400.054688,
 1406.337524, 1412.620361, 1418.903198, 1425.186157, 1431.458984, 1437.741821,
 1444.014648, 1450.297485, 1456.570313, 1462.843140, 1469.115967, 1475.388794,
 1481.661621, 1487.934570, 1494.197388, 1500.470215, 1506.733032, 1513.005859,
 1519.268677, 1525.531616, 1531.794434, 1538.057251, 1544.320068, 1550.582886,
 1556.845825, 1563.108643, 1569.361450, 1575.624268, 1581.877197, 1588.130005,
 1594.382813, 1600.645630, 1606.898560, 1613.141357, 1619.394165, 1625.647095,
 1631.899902, 1638.142700, 1644.395508, 1650.638428, 1656.881226, 1663.177856,
 1669.474487, 1675.771118, 1682.067749, 1688.364380, 1694.661011, 1700.947632,
 1707.244263, 1713.530884, 1719.817505, 1726.114136, 1732.400757, 1738.687378,
 1744.973999, 1751.250610, 1757.537231, 1763.823853, 1770.100464, 1776.387085,
 1782.663696, 1788.940308, 1795.226929, 1801.503540, 1807.780151, 1814.056763,
 1820.323364, 1826.600098, 1832.876709, 1839.143311, 1845.419922, 1851.686523,
 1857.953125, 1864.219727, 1870.486450, 1876.753052, 1883.019653, 1889.286255,
 1895.552856, 1901.809448, 1908.076172, 1914.332764, 1920.589355, 1926.855957,
 1933.112671, 1939.369263, 1945.625854, 1951.872437, 1958.129150, 1964.385742,
 1970.632324, 1976.888916, 1983.135620, 1989.382202, 1995.638794, 2001.885498,
 2008.132080, 2014.368652, 2020.615356, 2026.861938, 2033.108521, 2039.345215,
 2045.581787, 2051.828369, 2058.064941, 2064.301758, 2070.538330, 2076.774902,
 2083.011475, 2089.248047, 2095.474854, 2101.711426, 2107.937988, 2114.174561,
 2120.401367, 2126.627930, 2132.854492, 2139.081055, 2145.307861, 2151.534424,
 2157.760986, 2163.977539, 2170.204346, 2176.420898, 2182.647461, 2188.864014,
 2195.080811, 2201.297363, 2207.513916, 2213.730713, 2219.947266, 2226.163818,
 2232.370361, 2238.587158, 2244.793701, 2251.000244, 2257.217041, 2263.423584,
 2269.630127, 2275.836914, 2282.043457, 2288.239990, 2294.446777, 2300.653320,
 2306.849854, 2313.046631, 2319.253174, 2325.449707, 2331.646484, 2337.843018,
 2344.039551, 2350.236328, 2356.422852, 2362.619629, 2368.806152, 2375.002686,
 2381.189453, 2387.385986, 2393.572510, 2399.759277, 2405.945801, 2412.132568,
 2418.309082, 2424.495850, 2430.682373, 2436.858887, 2443.035645, 2449.208984,
 2455.385254, 2461.561523, 2467.737793, 2473.914063, 2480.090332, 2486.266846,
 2492.432861, 2498.609375, 2504.775391
}

fwhm2 = { 
 6.340000, 6.340000, 6.340000, 6.340000, 6.340000, 6.340000, 6.340000,
 6.330000, 6.330000, 6.330000, 6.330000, 6.330000, 6.330000, 6.330000,
 6.330000, 6.330000, 6.330000, 6.330000, 6.320000, 6.320000, 6.320000,
 6.320000, 6.320000, 6.320000, 6.320000, 6.320000, 6.320000, 6.320000,
 6.320000, 6.310000, 6.310000, 6.310000, 6.310000, 6.310000, 6.310000,
 6.310000, 6.310000, 6.310000, 6.310000, 6.300000, 6.300000, 6.300000,
 6.300000, 6.300000, 6.300000, 6.300000, 6.300000, 6.300000, 6.300000,
 6.300000, 6.290000, 6.290000, 6.290000, 6.290000, 6.290000, 6.290000,
 6.290000, 6.290000, 6.290000, 6.290000, 6.290000, 6.280000, 6.280000,
 6.280000, 6.280000, 6.280000, 6.280000, 6.280000, 6.280000, 6.280000,
 6.280000, 6.270000, 6.270000, 6.270000, 6.270000, 6.270000, 6.270000,
 6.270000, 6.270000, 6.270000, 6.270000, 6.270000, 6.260000, 6.260000,
 6.260000, 6.260000, 6.260000, 6.260000, 6.260000, 6.260000, 6.260000,
 6.260000, 6.260000, 6.250000, 6.250000, 6.250000, 6.250000, 6.250000,
 6.250000, 6.250000, 6.250000, 6.250000, 6.250000, 6.240000, 6.240000,
 6.240000, 6.240000, 6.240000, 6.240000, 6.240000, 6.240000, 6.240000,
 6.240000, 6.240000, 6.230000, 6.230000, 6.230000, 6.230000, 6.230000,
 6.230000, 6.230000, 6.230000, 6.230000, 6.230000, 6.230000, 6.220000,
 6.220000, 6.220000, 6.220000, 6.220000, 6.220000, 6.220000, 6.220000,
 6.220000, 6.220000, 6.210000, 6.210000, 6.210000, 6.210000, 6.210000,
 6.210000, 6.210000, 6.210000, 6.210000, 6.210000, 6.210000, 6.200000,
 6.200000, 6.200000, 6.200000, 6.200000, 6.200000, 6.200000, 6.200000,
 6.200000, 6.200000, 6.190000, 6.190000, 6.190000, 6.190000, 6.190000,
 6.190000, 6.190000, 6.190000, 6.190000, 6.190000, 6.190000, 6.180000,
 6.180000, 6.180000, 6.180000, 6.180000, 6.180000, 6.180000, 6.180000,
 6.180000, 6.180000, 6.180000, 6.170000, 6.170000, 6.170000, 6.170000,
 6.170000, 6.170000, 6.170000, 6.170000, 6.170000, 6.170000, 6.160000,
 6.160000, 6.160000, 6.160000, 6.160000, 6.160000, 6.160000, 6.160000,
 6.160000, 6.160000, 6.160000, 6.150000, 6.150000, 6.150000, 6.150000,
 6.150000, 6.150000, 6.150000, 6.150000, 6.150000, 6.150000, 6.150000,
 6.140000, 6.140000, 6.140000, 6.140000, 6.140000, 6.140000, 6.140000,
 6.140000, 6.140000, 6.140000, 6.130000, 6.130000, 6.130000, 6.130000,
 6.130000, 6.130000, 6.130000, 6.130000, 6.130000, 6.130000, 6.130000,
 6.120000, 6.120000, 6.120000, 6.120000, 6.120000, 6.120000, 6.120000,
 6.120000, 6.120000, 6.120000, 6.120000, 6.110000
}
